m_w = 1200; %kg
J_w = 0.01; %kg*m^2
r_w = 0.3; %m
g = 9.81; 

%%
%suchy beton

a = 0.9;
b = 1.07;
c = 0.2773;
d = 0.0026;