m_c = 250;
m_w = 30;
c_c = 15000;
c_w = 200000;
d_c = 200;
d_w = 100;

alfa = 0.01;
beta = 0.1;
k = 400;
